1 0.61015625 0.19140625 0.0765625 0.1421875
1 0.27890625 0.3375 0.08984375 0.1453125
1 0.290625 0.57578125 0.10703125 0.1546875
1 0.23203125 0.70234375 0.12109375 0.16171875
2 0.10390625 0.809375 0.2078125 0.37890625
2 0.43828125 0.45 0.29453125 0.31875
2 0.209375 0.1875 0.2515625 0.23046875
2 0.4640625 0.175 0.23828125 0.21484375
2 0.49140625 0.80546875 0.36875 0.3875
2 0.934375 0.44375 0.13125 0.3125
2 0.13515625 0.45859375 0.26953125 0.32578125
2 0.725 0.4015625 0.2890625 0.2890625
2 0.9296875 0.81328125 0.13984375 0.35390625
2 0.8640625 0.1828125 0.26171875 0.24609375