1 0.48359375 0.52109375 0.19765625 0.26640625
1 0.14609375 0.35234375 0.1953125 0.2015625
1 0.62109375 0.09375 0.0953125 0.046875
1 0.83359375 0.41171875 0.25078125 0.13203125
2 0.15234375 0.5375 0.3046875 0.171875
2 0.56640625 0.184375 0.15625 0.04921875
2 0.62421875 0.87890625 0.75078125 0.24140625
2 0.57109375 0.27578125 0.2265625 0.0765625
2 0.6109375 0.05546875 0.1375 0.03125
2 0.13359375 0.8984375 0.2671875 0.20234375
2 0.28125 0.078125 0.2265625 0.0390625
2 0.61640625 0.11015625 0.096875 0.0234375
1 0.35 0.31171875 0.2328125 0.43515625
1 0.08671875 0.2 0.1734375 0.353125
1 0.5046875 0.0796875 0.1359375 0.0953125
2 0.03046875 0.25625 0.0609375 0.0703125