2 0.399002 0.603214 0.546235 0.250186
0 0.306347 0.416444 0.316493 0.138894
2 0.772473 0.453477 0.442738 0.211359
0 0.774617 0.453261 0.44521 0.210733
0 0.395604 0.552497 0.382313 0.16739
1 0.399202 0.20574 0.319213 0.133198
0 0.790218 0.423343 0.359517 0.150785
2 0.414574 0.271326 0.422523 0.124637
2 0.450249 0.244345 0.496109 0.19016
0 0.416576 0.274831 0.430549 0.124621
2 0.0754486 0.209213 0.149593 0.117835
0 0.396808 0.205544 0.323215 0.132252
2 0.536621 0.239309 0.686219 0.217566
1 0.671568 0.238213 0.656865 0.476426
1 0.798674 0.242798 0.402652 0.485596
1 0.599645 0.226878 0.80071 0.407923
